Elevator,6,-0.2145241469640412,0,0,1.33,0,0
Swing,6,-0.3945206125308887,0,0,1.33,0,0
Depressor,5.5,-0.2991171425733715,1,1,0.133,0.533,0
Stance,5.5,-0.2989707247048616,1,1,0.133,0.533,0
Elevator,5.5,-0.2580320308730006,0,0,0.133,0,0
Swing,5.5,-0.3380304600138218,0,0,0.133,0,0
Depressor,5.5,-0.2991171425733715,1,1,0.133,0.533,0
Stance,5.5,-0.2989707247048616,1,1,0.133,0.533,0
Elevator,5.5,-0.2580320308730006,0,0,0.133,0,0
Swing,5.5,-0.3380304600138218,0,0,0.133,0,0
Depressor,5.5,-0.2991171425733715,1,1,0.133,0.533,0
Stance,5.5,-0.2989707247048616,1,1,0.133,0.533,0
Protractor,4,0.2,1,1,0.133,0.533,0
Retractor,4,0.2,1,1,0.133,0.533,0
Extensor,4,0.2,1,1,0.133,0.533,0
Flexor,4,0.2,1,1,0.133,0.533,0
Protractor,4,0.2,1,1,0.133,0.533,0
Retractor,4,0.2,1,1,0.133,0.533,0
Extensor,4,0.2,1,1,0.133,0.533,0
Flexor,4,0.2,1,1,0.133,0.533,0
FL_FR,4.2,-0.05,1,1,0.133,0.533,0
